# 	TASBC3	0	T IR	T Sens	Mag  	Hz   	Alt	Azi  	Lat    	Lon   	SL m
1 	2020-02-22 	01:09:28	-9.93	7.41	19.94	1.44	10	0	40:14:55,97114	-3:2:15,80262	820
2 	2020-02-22 	01:09:30	-9.83	7.41	20.07	1.27	10	11	40:14:55,97114	-3:2:15,80262	820
3 	2020-02-22 	01:09:32	-9.89	7.47	20.17	1.15	10	22	40:14:55,97114	-3:2:15,80262	820
4 	2020-02-22 	01:09:35	-9.79	7.49	20.21	1.12	10	33	40:14:55,97114	-3:2:15,80262	820
5 	2020-02-22 	01:09:38	-9.53	7.49	20.2	1.12	10	45	40:14:55,97114	-3:2:15,80262	820
6 	2020-02-22 	01:09:40	-9.45	7.55	20.23	1.09	10	56	40:14:55,97114	-3:2:15,80262	820
7 	2020-02-22 	01:09:43	-9.01	7.57	20.32	1.01	10	67	40:14:55,97114	-3:2:15,80262	820
8 	2020-02-22 	01:09:46	-8.51	7.57	20.41	0.93	10	78	40:14:55,97114	-3:2:15,80262	820
9 	2020-02-22 	01:09:50	-7.95	7.61	20.43	0.91	10	90	40:14:55,97114	-3:2:15,80262	820
10 	2020-02-22 	01:09:53	-7.39	7.61	20.39	0.95	10	101	40:14:55,97114	-3:2:15,80262	820
11 	2020-02-22 	01:09:56	-6.81	7.59	20.3	1.03	10	112	40:14:55,97114	-3:2:15,80262	820
12 	2020-02-22 	01:09:58	-5.89	7.63	20.15	1.18	10	123	40:14:55,97114	-3:2:15,80262	820
13 	2020-02-22 	01:10:01	-5.73	7.65	19.89	1.5	10	135	40:14:55,97114	-3:2:15,80262	820
14 	2020-02-22 	01:10:03	-4.25	7.65	19.75	1.7	10	146	40:14:55,97114	-3:2:15,80262	820
15 	2020-02-22 	01:10:06	-1.99	7.63	19.59	1.98	10	157	40:14:55,97114	-3:2:15,80262	820
16 	2020-02-22 	01:10:08	-0.41	7.65	19.62	1.92	10	168	40:14:55,97114	-3:2:15,80262	820
17 	2020-02-22 	01:10:09	-0.41	7.65	16.69	28.45	10	180	40:14:55,97114	-3:2:15,80262	820
18 	2020-02-22 	01:10:10	-2.07	7.65	16.23	43.8	10	191	40:14:55,97114	-3:2:15,80262	820
19 	2020-02-22 	01:10:11	-2.71	7.63	16.25	42.99	10	202	40:14:55,97114	-3:2:15,80262	820
20 	2020-02-22 	01:10:13	-3.39	7.69	16.56	32.34	10	213	40:14:55,97114	-3:2:15,80262	820
21 	2020-02-22 	01:10:14	-4.09	7.69	15.86	61.44	10	225	40:14:55,97114	-3:2:15,80262	820
22 	2020-02-22 	01:10:15	-4.65	7.69	15.84	62.43	10	236	40:14:55,97114	-3:2:15,80262	820
23 	2020-02-22 	01:10:16	-4.77	7.75	16.24	43.43	10	247	40:14:55,97114	-3:2:15,80262	820
24 	2020-02-22 	01:10:17	-5.15	7.75	16.83	25.02	10	258	40:14:55,97114	-3:2:15,80262	820
25 	2020-02-22 	01:10:19	-5.85	7.71	18.56	5.12	10	270	40:14:55,97114	-3:2:15,80262	820
26 	2020-02-22 	01:10:21	-6.35	7.77	18.42	5.8	10	281	40:14:55,97114	-3:2:15,80262	820
27 	2020-02-22 	01:10:22	-6.85	7.69	18.38	6.04	10	292	40:14:55,97114	-3:2:15,80262	820
28 	2020-02-22 	01:10:23	-7.43	7.71	18.53	5.27	10	303	40:14:55,97114	-3:2:15,80262	820
29 	2020-02-22 	01:10:25	-8.29	7.75	18.84	3.95	10	315	40:14:55,97114	-3:2:15,80262	820
30 	2020-02-22 	01:10:27	-8.33	7.71	19.13	3.01	10	326	40:14:55,97114	-3:2:15,80262	820
31 	2020-02-22 	01:10:29	-9.37	7.73	19.41	2.33	10	337	40:14:55,97114	-3:2:15,80262	820
32 	2020-02-22 	01:10:31	-9.37	7.77	19.67	1.83	10	348	40:14:55,97114	-3:2:15,80262	820
33 	2020-02-22 	01:10:34	-15.75	7.79	20.1	1.24	20	0	40:14:55,97114	-3:2:15,80262	820
34 	2020-02-22 	01:10:37	-16.09	7.75	20.23	1.09	20	12	40:14:55,97114	-3:2:15,80262	820
35 	2020-02-22 	01:10:40	-16.45	7.81	20.31	1.02	20	25	40:14:55,97114	-3:2:15,80262	820
36 	2020-02-22 	01:10:42	-16.13	7.83	20.32	1.01	20	38	40:14:55,97114	-3:2:15,80262	820
37 	2020-02-22 	01:10:45	-16.37	7.79	20.33	1	20	51	40:14:55,97114	-3:2:15,80262	820
38 	2020-02-22 	01:10:49	-15.75	7.83	20.37	0.97	20	64	40:14:55,97114	-3:2:15,80262	820
39 	2020-02-22 	01:10:52	-15.89	7.85	20.42	0.92	20	77	40:14:55,97114	-3:2:15,80262	820
40 	2020-02-22 	01:10:55	-14.79	7.85	20.44	0.9	20	90	40:14:55,97114	-3:2:15,80262	820
41 	2020-02-22 	01:10:58	-14.55	7.93	20.42	0.92	20	102	40:14:55,97114	-3:2:15,80262	820
42 	2020-02-22 	01:11:01	-14.15	7.87	20.32	1.01	20	115	40:14:55,97114	-3:2:15,80262	820
43 	2020-02-22 	01:11:04	-13.47	7.89	20.17	1.16	20	128	40:14:55,97114	-3:2:15,80262	820
44 	2020-02-22 	01:11:07	-12.83	7.89	20.09	1.25	20	141	40:14:55,97114	-3:2:15,80262	820
45 	2020-02-22 	01:11:09	-12.03	7.95	19.91	1.47	20	154	40:14:55,97114	-3:2:15,80262	820
46 	2020-02-22 	01:11:11	-10.41	7.93	19.66	1.86	20	167	40:14:55,97114	-3:2:15,80262	820
47 	2020-02-22 	01:11:13	-10.05	7.93	19.21	2.79	20	180	40:14:55,97114	-3:2:15,80262	820
48 	2020-02-22 	01:11:14	-10.23	7.95	18.11	7.76	20	192	40:14:55,97114	-3:2:15,80262	820
49 	2020-02-22 	01:11:16	-10.85	7.95	18.47	5.56	20	205	40:14:55,97114	-3:2:15,80262	820
50 	2020-02-22 	01:11:17	-11.33	7.89	18.34	6.24	20	218	40:14:55,97114	-3:2:15,80262	820
51 	2020-02-22 	01:11:19	-11.37	7.97	17.76	10.65	20	231	40:14:55,97114	-3:2:15,80262	820
52 	2020-02-22 	01:11:20	-12.29	7.93	18.62	4.85	20	244	40:14:55,97114	-3:2:15,80262	820
53 	2020-02-22 	01:11:22	-12.93	7.93	18.81	4.05	20	257	40:14:55,97114	-3:2:15,80262	820
54 	2020-02-22 	01:11:24	-13.23	7.93	18.86	3.87	20	270	40:14:55,97114	-3:2:15,80262	820
55 	2020-02-22 	01:11:26	-13.61	7.97	18.8	4.09	20	282	40:14:55,97114	-3:2:15,80262	820
56 	2020-02-22 	01:11:27	-14.23	7.89	18.86	3.88	20	295	40:14:55,97114	-3:2:15,80262	820
57 	2020-02-22 	01:11:29	-15.01	7.95	19.05	3.24	20	308	40:14:55,97114	-3:2:15,80262	820
58 	2020-02-22 	01:11:31	-15.57	7.95	19.36	2.45	20	321	40:14:55,97114	-3:2:15,80262	820
59 	2020-02-22 	01:11:33	-15.95	7.97	19.64	1.88	20	334	40:14:55,97114	-3:2:15,80262	820
60 	2020-02-22 	01:11:35	-15.95	7.97	19.88	1.51	20	347	40:14:55,97114	-3:2:15,80262	820
61 	2020-02-22 	01:11:39	-20.39	8.01	20.36	0.97	30	0	40:14:55,97114	-3:2:15,80262	820
62 	2020-02-22 	01:11:42	-20.43	7.99	20.47	0.88	30	15	40:14:55,97114	-3:2:15,80262	820
63 	2020-02-22 	01:11:46	-19.81	8.01	20.52	0.84	30	30	40:14:55,97114	-3:2:15,80262	820
64 	2020-02-22 	01:11:49	-19.99	8.05	20.54	0.82	30	45	40:14:55,97114	-3:2:15,80262	820
65 	2020-02-22 	01:11:53	-19.85	8.01	20.56	0.81	30	60	40:14:55,97114	-3:2:15,80262	820
66 	2020-02-22 	01:11:57	-19.51	8.03	20.57	0.8	30	75	40:14:55,97114	-3:2:15,80262	820
67 	2020-02-22 	01:12:00	-19.51	7.99	20.55	0.82	30	90	40:14:55,97114	-3:2:15,80262	820
68 	2020-02-22 	01:12:04	-19.23	8.05	20.52	0.84	30	105	40:14:55,97114	-3:2:15,80262	820
69 	2020-02-22 	01:12:07	-18.73	8.05	20.19	1.14	30	120	40:14:55,97114	-3:2:15,80262	820
70 	2020-02-22 	01:12:09	-18.55	8.05	20.13	1.2	30	135	40:14:55,97114	-3:2:15,80262	820
71 	2020-02-22 	01:12:12	-17.93	8.05	20.02	1.33	30	150	40:14:55,97114	-3:2:15,80262	820
72 	2020-02-22 	01:12:14	-17.83	8.03	19.72	1.76	30	165	40:14:55,97114	-3:2:15,80262	820
73 	2020-02-22 	01:12:16	-17.03	8.05	19.46	2.23	30	180	40:14:55,97114	-3:2:15,80262	820
74 	2020-02-22 	01:12:18	-17.25	8.05	19.31	2.55	30	195	40:14:55,97114	-3:2:15,80262	820
75 	2020-02-22 	01:12:20	-17.11	8.07	19.3	2.57	30	210	40:14:55,97114	-3:2:15,80262	820
76 	2020-02-22 	01:12:22	-17.63	8.09	19.24	2.72	30	225	40:14:55,97114	-3:2:15,80262	820
77 	2020-02-22 	01:12:24	-17.45	8.07	19.21	2.81	30	240	40:14:55,97114	-3:2:15,80262	820
78 	2020-02-22 	01:12:26	-18.01	8.07	19.32	2.53	30	255	40:14:55,97114	-3:2:15,80262	820
79 	2020-02-22 	01:12:28	-18.45	8.05	19.41	2.32	30	270	40:14:55,97114	-3:2:15,80262	820
80 	2020-02-22 	01:12:30	-18.45	8.09	19.41	2.32	30	285	40:14:55,97114	-3:2:15,80262	820
81 	2020-02-22 	01:12:32	-18.83	8.11	19.53	2.09	30	300	40:14:55,97114	-3:2:15,80262	820
82 	2020-02-22 	01:12:34	-18.99	8.09	19.77	1.67	30	315	40:14:55,97114	-3:2:15,80262	820
83 	2020-02-22 	01:12:37	-19.61	8.07	20	1.36	30	330	40:14:55,97114	-3:2:15,80262	820
84 	2020-02-22 	01:12:40	-19.81	8.09	20.2	1.13	30	345	40:14:55,97114	-3:2:15,80262	820
85 	2020-02-22 	01:12:44	-22.31	8.09	20.56	0.81	40	0	40:14:55,97114	-3:2:15,80262	820
86 	2020-02-22 	01:12:48	-21.93	8.17	20.65	0.75	40	18	40:14:55,97114	-3:2:15,80262	820
87 	2020-02-22 	01:12:52	-22.07	8.11	20.69	0.72	40	36	40:14:55,97114	-3:2:15,80262	820
88 	2020-02-22 	01:12:56	-22.03	8.09	20.7	0.71	40	54	40:14:55,97114	-3:2:15,80262	820
89 	2020-02-22 	01:13:01	-21.97	8.13	20.7	0.71	40	72	40:14:55,97114	-3:2:15,80262	820
90 	2020-02-22 	01:13:05	-21.67	8.13	20.68	0.73	40	90	40:14:55,97114	-3:2:15,80262	820
91 	2020-02-22 	01:13:09	-21.67	8.17	20.6	0.78	40	108	40:14:55,97114	-3:2:15,80262	820
92 	2020-02-22 	01:13:12	-21.33	8.11	20.21	1.11	40	126	40:14:55,97114	-3:2:15,80262	820
93 	2020-02-22 	01:13:14	-21.09	8.17	20.32	1.01	40	144	40:14:55,97114	-3:2:15,80262	820
94 	2020-02-22 	01:13:17	-20.89	8.19	20.02	1.33	40	162	40:14:55,97114	-3:2:15,80262	820
95 	2020-02-22 	01:13:20	-20.63	8.17	19.81	1.62	40	180	40:14:55,97114	-3:2:15,80262	820
96 	2020-02-22 	01:13:22	-20.79	8.13	19.71	1.77	40	198	40:14:55,97114	-3:2:15,80262	820
97 	2020-02-22 	01:13:24	-20.63	8.19	19.65	1.87	40	216	40:14:55,97114	-3:2:15,80262	820
98 	2020-02-22 	01:13:27	-20.79	8.21	19.57	2.01	40	234	40:14:55,97114	-3:2:15,80262	820
99 	2020-02-22 	01:13:29	-21.03	8.13	19.65	1.87	40	252	40:14:55,97114	-3:2:15,80262	820
100 	2020-02-22 	01:13:32	-21.09	8.17	19.75	1.7	40	270	40:14:55,97114	-3:2:15,80262	820
101 	2020-02-22 	01:13:34	-21.63	8.17	19.83	1.59	40	288	40:14:55,97114	-3:2:15,80262	820
102 	2020-02-22 	01:13:37	-21.93	8.17	20	1.35	40	306	40:14:55,97114	-3:2:15,80262	820
103 	2020-02-22 	01:13:40	-21.97	8.11	20.23	1.1	40	324	40:14:55,97114	-3:2:15,80262	820
104 	2020-02-22 	01:13:43	-21.87	8.19	20.43	0.91	40	342	40:14:55,97114	-3:2:15,80262	820
105 	2020-02-22 	01:13:48	-23.85	8.17	20.71	0.71	50	0	40:14:55,97114	-3:2:15,80262	820
106 	2020-02-22 	01:13:53	-23.59	8.17	20.78	0.66	50	22	40:14:55,97114	-3:2:15,80262	820
107 	2020-02-22 	01:13:57	-23.79	8.25	20.79	0.65	50	45	40:14:55,97114	-3:2:15,80262	820
108 	2020-02-22 	01:14:02	-23.69	8.21	20.8	0.65	50	67	40:14:55,97114	-3:2:15,80262	820
109 	2020-02-22 	01:14:07	-23.29	8.23	20.78	0.66	50	90	40:14:55,97114	-3:2:15,80262	820
110 	2020-02-22 	01:14:11	-23.13	8.19	20.64	0.75	50	112	40:14:55,97114	-3:2:15,80262	820
111 	2020-02-22 	01:14:14	-22.73	8.21	20.36	0.97	50	135	40:14:55,97114	-3:2:15,80262	820
112 	2020-02-22 	01:14:17	-23.13	8.17	20.24	1.09	50	157	40:14:55,97114	-3:2:15,80262	820
113 	2020-02-22 	01:14:20	-22.93	8.19	20.1	1.23	50	180	40:14:55,97114	-3:2:15,80262	820
114 	2020-02-22 	01:14:23	-22.57	8.21	19.99	1.36	50	202	40:14:55,97114	-3:2:15,80262	820
115 	2020-02-22 	01:14:26	-23.13	8.21	19.84	1.58	50	225	40:14:55,97114	-3:2:15,80262	820
116 	2020-02-22 	01:14:29	-22.77	8.17	19.9	1.49	50	247	40:14:55,97114	-3:2:15,80262	820
117 	2020-02-22 	01:14:32	-22.83	8.21	19.99	1.37	50	270	40:14:55,97114	-3:2:15,80262	820
118 	2020-02-22 	01:14:35	-23.75	8.13	20.12	1.22	50	292	40:14:55,97114	-3:2:15,80262	820
119 	2020-02-22 	01:14:38	-23.79	8.21	20.36	0.97	50	315	40:14:55,97114	-3:2:15,80262	820
120 	2020-02-22 	01:14:42	-23.59	8.19	20.59	0.79	50	337	40:14:55,97114	-3:2:15,80262	820
121 	2020-02-22 	01:14:48	-24.97	8.17	20.8	0.65	60	0	40:14:55,97114	-3:2:15,80262	820
122 	2020-02-22 	01:14:53	-24.87	8.19	20.84	0.62	60	30	40:14:55,97114	-3:2:15,80262	820
123 	2020-02-22 	01:14:58	-24.67	8.21	20.86	0.61	60	60	40:14:55,97114	-3:2:15,80262	820
124 	2020-02-22 	01:15:03	-24.67	8.25	20.84	0.63	60	90	40:14:55,97114	-3:2:15,80262	820
125 	2020-02-22 	01:15:06	-24.61	8.25	20.61	0.77	60	120	40:14:55,97114	-3:2:15,80262	820
126 	2020-02-22 	01:15:11	-24.15	8.19	20.21	1.12	60	150	40:14:55,97114	-3:2:15,80262	820
127 	2020-02-22 	01:15:14	-23.79	8.21	20.02	1.33	60	180	40:14:55,97114	-3:2:15,80262	820
128 	2020-02-22 	01:15:17	-23.85	8.23	19.95	1.42	60	210	40:14:55,97114	-3:2:15,80262	820
129 	2020-02-22 	01:15:21	-24.57	8.23	20.02	1.34	60	240	40:14:55,97114	-3:2:15,80262	820
130 	2020-02-22 	01:15:25	-24.31	8.17	20.22	1.1	60	270	40:14:55,97114	-3:2:15,80262	820
131 	2020-02-22 	01:15:29	-24.31	8.17	20.44	0.91	60	300	40:14:55,97114	-3:2:15,80262	820
132 	2020-02-22 	01:15:33	-24.77	8.19	20.69	0.72	60	330	40:14:55,97114	-3:2:15,80262	820
133 	2020-02-22 	01:15:39	-25.61	8.17	20.85	0.62	70	0	40:14:55,97114	-3:2:15,80262	820
134 	2020-02-22 	01:15:46	-25.55	8.25	20.89	0.6	70	45	40:14:55,97114	-3:2:15,80262	820
135 	2020-02-22 	01:15:52	-24.83	8.19	20.87	0.61	70	90	40:14:55,97114	-3:2:15,80262	820
136 	2020-02-22 	01:15:59	-25.23	8.23	20.55	0.81	70	135	40:14:55,97114	-3:2:15,80262	820
137 	2020-02-22 	01:16:03	-25.03	8.17	20.2	1.13	70	180	40:14:55,97114	-3:2:15,80262	820
138 	2020-02-22 	01:16:07	-24.71	8.19	20.19	1.14	70	225	40:14:55,97114	-3:2:15,80262	820
139 	2020-02-22 	01:16:13	-25.03	8.13	20.44	0.91	70	270	40:14:55,97114	-3:2:15,80262	820
140 	2020-02-22 	01:16:18	-25.29	8.17	20.75	0.68	70	315	40:14:55,97114	-3:2:15,80262	820
141 	2020-02-22 	01:16:25	-25.61	8.17	20.87	0.61	80	0	40:14:55,97114	-3:2:15,80262	820
142 	2020-02-22 	01:16:32	-25.75	8.11	20.87	0.61	80	90	40:14:55,97114	-3:2:15,80262	820
143 	2020-02-22 	01:16:40	-25.45	8.17	20.5	0.85	80	180	40:14:55,97114	-3:2:15,80262	820
144 	2020-02-22 	01:16:50	-25.55	8.09	20.66	0.74	80	270	40:14:55,97114	-3:2:15,80262	820
145 	2020-02-22 	01:16:59	-25.71	8.11	20.86	0.61	90	0	40:14:55,97114	-3:2:15,80262	820
